12.5023
53.4268
61.5303
47.4756
59.8132
55.1421
52.2117
39.2995
48.1050
52.5500
45.4197
54.3516
44.1640
58.1684
56.7272
48.9558
44.6871
60.2973
45.6186
38.8168
66.1898
65.4160
47.4812
41.5756
51.8451
59.3708
57.3100
63.6155
46.7376
50.5567
52.2239
35.5678
42.4364
58.1645
57.5044
45.4405
61.8962
33.0938
36.4360
37.6756
44.5556
43.3182
50.0731
43.8706
62.9974
32.6690
40.1668
53.5750
33.8642
64.7071
38.1198
44.5025
40.5995
41.7206
51.0886
55.0780
41.3777
62.4946
49.2038
41.1026
41.1820
50.1863
52.3784
50.1354
33.6447
39.5579
56.1303
57.3620
60.2692
35.6780
31.5881
53.6609
46.6822
43.1078
70.3460
44.4928
57.5045
36.9300
55.8057
38.9547
56.9012
56.8689
34.3331
59.0497
57.7882
54.2823
51.0887
50.2828
44.2117
38.0054
32.9404
53.6916
68.7657
46.2309
68.3193
50.0301
49.2397
50.0395
48.1498
25.1284
