41.7070
68.7775
62.5623
71.5466
87.2309
78.2115
79.6419
59.1714
75.3312
71.3008
55.1656
82.4788
62.0089
75.3928
81.4361
60.7236
82.8925
97.3798
48.8471
56.8772
83.8785
118.5910
57.2518
51.3917
75.3806
74.7655
95.4550
95.2293
79.0524
83.4320
63.3587
41.4128
76.6173
96.7695
74.0841
66.5881
77.7684
50.7195
62.1245
60.8102
52.6829
58.5698
82.9059
61.4247
115.2442
45.5705
54.0840
87.9944
52.7254
93.5761
80.1662
65.1017
65.5623
65.2808
73.4346
71.1397
79.1028
86.5205
84.7426
59.3588
61.6840
69.8476
86.0982
59.1088
69.8996
44.8624
85.4980
95.5366
70.2519
52.7217
50.3926
63.6423
72.2472
57.8125
104.2575
86.6420
91.4867
55.2316
79.5504
44.8471
80.2075
83.1427
55.7234
77.6341
99.0514
79.1206
69.5888
69.5105
73.6875
61.3669
67.1706
85.6682
14.8538
90.1235
97.9198
81.5369
72.1118
85.2320
66.2249
53.4543
